9.230000000000000000e+02
9.580000000000000000e+02
3.286000000000000000e+03
9.678000000000000000e+03
9.684000000000000000e+03
9.786000000000000000e+03
1.050000000000000000e+04
9.690000000000000000e+03
1.057600000000000000e+04
1.058200000000000000e+04
9.897000000000000000e+03
9.901000000000000000e+03
9.902000000000000000e+03
9.909000000000000000e+03
9.910000000000000000e+03
9.917000000000000000e+03
9.920000000000000000e+03
9.921000000000000000e+03
1.001300000000000000e+04
1.001500000000000000e+04
1.001600000000000000e+04
1.016800000000000000e+04
1.128600000000000000e+04
1.071100000000000000e+04
1.063600000000000000e+04
1.234700000000000000e+04
1.022600000000000000e+04
1.135700000000000000e+04
1.057900000000000000e+04
1.050300000000000000e+04
1.262300000000000000e+04
1.058300000000000000e+04
1.033400000000000000e+04
1.259400000000000000e+04
1.047000000000000000e+04
1.402600000000000000e+04
1.402700000000000000e+04
1.403300000000000000e+04
1.406700000000000000e+04
1.417900000000000000e+04
1.418900000000000000e+04
1.419100000000000000e+04
1.419200000000000000e+04
1.419300000000000000e+04
1.419900000000000000e+04
1.420000000000000000e+04
1.425300000000000000e+04
1.425900000000000000e+04
1.428600000000000000e+04
1.428700000000000000e+04
1.433100000000000000e+04
1.434000000000000000e+04
1.441400000000000000e+04
1.442400000000000000e+04
1.442500000000000000e+04
1.442600000000000000e+04
1.442800000000000000e+04
1.443200000000000000e+04
1.443300000000000000e+04
1.446800000000000000e+04
1.463000000000000000e+04
1.464100000000000000e+04
1.464600000000000000e+04
1.464800000000000000e+04
1.467100000000000000e+04
1.468400000000000000e+04
1.481400000000000000e+04
1.482100000000000000e+04
1.482300000000000000e+04
1.491700000000000000e+04
1.498900000000000000e+04
1.499300000000000000e+04
1.512700000000000000e+04
1.534700000000000000e+04
1.557300000000000000e+04
1.557700000000000000e+04
1.566200000000000000e+04
1.593100000000000000e+04
1.594700000000000000e+04
1.594800000000000000e+04
1.604600000000000000e+04
1.605100000000000000e+04
1.615000000000000000e+04
1.615100000000000000e+04
1.615400000000000000e+04
1.615900000000000000e+04
1.616200000000000000e+04
1.616400000000000000e+04
1.629600000000000000e+04
1.631400000000000000e+04
1.631800000000000000e+04
1.632300000000000000e+04
1.632400000000000000e+04
1.634600000000000000e+04
1.640700000000000000e+04
1.641000000000000000e+04
1.641800000000000000e+04
1.643000000000000000e+04
1.643300000000000000e+04
1.652600000000000000e+04
1.657900000000000000e+04
1.661200000000000000e+04
1.661600000000000000e+04
1.663400000000000000e+04
1.663800000000000000e+04
1.663900000000000000e+04
1.683600000000000000e+04
1.714600000000000000e+04
1.714900000000000000e+04
1.715100000000000000e+04
1.715700000000000000e+04
1.716000000000000000e+04
1.515900000000000000e+04
1.958290000000000000e+05
1.725200000000000000e+04
1.941150000000000000e+05
1.601000000000000000e+04
1.600900000000000000e+04
1.961110000000000000e+05
1.956330000000000000e+05
1.952560000000000000e+05
1.960300000000000000e+05
1.957170000000000000e+05
1.948030000000000000e+05
1.963260000000000000e+05
1.944100000000000000e+05
1.961890000000000000e+05
1.957920000000000000e+05
1.966940000000000000e+05
1.961120000000000000e+05
1.968230000000000000e+05
1.942110000000000000e+05
1.949880000000000000e+05
1.944550000000000000e+05
1.951350000000000000e+05
1.952570000000000000e+05
1.942850000000000000e+05
1.965310000000000000e+05
1.957160000000000000e+05
1.968680000000000000e+05
1.948250000000000000e+05
1.961920000000000000e+05
1.957950000000000000e+05
1.944060000000000000e+05
1.963160000000000000e+05
1.947960000000000000e+05
1.945660000000000000e+05
1.951990000000000000e+05
1.966960000000000000e+05
1.963890000000000000e+05
1.643500000000000000e+04
1.941200000000000000e+05
1.941210000000000000e+05
1.941220000000000000e+05
1.941230000000000000e+05
1.941240000000000000e+05
1.941250000000000000e+05
1.941260000000000000e+05
1.941270000000000000e+05
1.941280000000000000e+05
1.941290000000000000e+05
1.941300000000000000e+05
1.941310000000000000e+05
1.941320000000000000e+05
1.941330000000000000e+05
1.941340000000000000e+05
1.941350000000000000e+05
1.941360000000000000e+05
1.765200000000000000e+04
1.945710000000000000e+05
1.780800000000000000e+04
1.948860000000000000e+05
1.951840000000000000e+05
1.951850000000000000e+05
1.951860000000000000e+05
1.951870000000000000e+05
1.951880000000000000e+05
1.951890000000000000e+05
1.951900000000000000e+05
1.951910000000000000e+05
1.951920000000000000e+05
1.951930000000000000e+05
1.951940000000000000e+05
1.951950000000000000e+05
1.952950000000000000e+05
1.952960000000000000e+05
1.952970000000000000e+05
1.952980000000000000e+05
1.838900000000000000e+04
1.955230000000000000e+05
1.960640000000000000e+05
1.960650000000000000e+05
1.960660000000000000e+05
1.918100000000000000e+04
1.964240000000000000e+05
1.947800000000000000e+04
1.969510000000000000e+05
1.947900000000000000e+04
1.969520000000000000e+05
1.948000000000000000e+04
1.969530000000000000e+05
1.949700000000000000e+04
1.969930000000000000e+05
1.970090000000000000e+05
1.970100000000000000e+05
1.970110000000000000e+05
1.970120000000000000e+05
1.970130000000000000e+05
1.970140000000000000e+05
1.955200000000000000e+04
1.970640000000000000e+05
1.955300000000000000e+04
1.970650000000000000e+05
1.955400000000000000e+04
1.970660000000000000e+05
1.966000000000000000e+04
1.972250000000000000e+05
1.983200000000000000e+04
1.974300000000000000e+05
2.043200000000000000e+04
1.982180000000000000e+05
2.043300000000000000e+04
1.982190000000000000e+05
1.969210000000000000e+05
1.950040000000000000e+05
1.975310000000000000e+05
1.945810000000000000e+05
1.972220000000000000e+05
1.974510000000000000e+05
1.974370000000000000e+05
1.972140000000000000e+05
1.954380000000000000e+05
1.968880000000000000e+05
1.946750000000000000e+05
1.944110000000000000e+05
1.942260000000000000e+05
1.942220000000000000e+05
1.956350000000000000e+05
1.969100000000000000e+05
1.969130000000000000e+05
1.949890000000000000e+05
1.952620000000000000e+05
1.968250000000000000e+05
1.970520000000000000e+05
1.952590000000000000e+05
1.942890000000000000e+05
1.960280000000000000e+05
1.957180000000000000e+05
1.968720000000000000e+05
1.971950000000000000e+05
1.961930000000000000e+05
1.957970000000000000e+05
1.974070000000000000e+05
1.971360000000000000e+05
1.937400000000000000e+05
1.971340000000000000e+05
1.957940000000000000e+05
1.976440000000000000e+05
1.966970000000000000e+05
2.066000000000000000e+04
1.941140000000000000e+05
1.941190000000000000e+05
1.970000000000000000e+05
1.981220000000000000e+05
1.981230000000000000e+05
1.941860000000000000e+05
1.980770000000000000e+05
1.946790000000000000e+05
1.946800000000000000e+05
1.946810000000000000e+05
1.946820000000000000e+05
1.946830000000000000e+05
1.946840000000000000e+05
1.946850000000000000e+05
1.946860000000000000e+05
1.946870000000000000e+05
1.946880000000000000e+05
1.946890000000000000e+05
1.946900000000000000e+05
1.946910000000000000e+05
1.946920000000000000e+05
1.946930000000000000e+05
1.946940000000000000e+05
1.946950000000000000e+05
1.946960000000000000e+05
1.946970000000000000e+05
1.946980000000000000e+05
1.946990000000000000e+05
1.947000000000000000e+05
1.947010000000000000e+05
1.947020000000000000e+05
1.947030000000000000e+05
1.947040000000000000e+05
1.947050000000000000e+05
1.947060000000000000e+05
1.947070000000000000e+05
1.947080000000000000e+05
1.947090000000000000e+05
1.947100000000000000e+05
1.947110000000000000e+05
1.947120000000000000e+05
1.947130000000000000e+05
1.947140000000000000e+05
1.947150000000000000e+05
1.947160000000000000e+05
1.947170000000000000e+05
1.947180000000000000e+05
1.947190000000000000e+05
1.947200000000000000e+05
1.947210000000000000e+05
1.947220000000000000e+05
1.947230000000000000e+05
1.947240000000000000e+05
1.947250000000000000e+05
1.947260000000000000e+05
1.947270000000000000e+05
1.947280000000000000e+05
1.947290000000000000e+05
1.947300000000000000e+05
1.947310000000000000e+05
1.947320000000000000e+05
1.947330000000000000e+05
1.947340000000000000e+05
1.947350000000000000e+05
1.947360000000000000e+05
1.947370000000000000e+05
1.947380000000000000e+05
1.947390000000000000e+05
1.947400000000000000e+05
1.947410000000000000e+05
1.947420000000000000e+05
1.947430000000000000e+05
1.947440000000000000e+05
1.947450000000000000e+05
1.947460000000000000e+05
1.947470000000000000e+05
1.947480000000000000e+05
1.947490000000000000e+05
1.947500000000000000e+05
1.947510000000000000e+05
1.947520000000000000e+05
1.947530000000000000e+05
1.947540000000000000e+05
1.947550000000000000e+05
1.947560000000000000e+05
1.947570000000000000e+05
1.947580000000000000e+05
1.947590000000000000e+05
1.947600000000000000e+05
1.947610000000000000e+05
1.947620000000000000e+05
1.947630000000000000e+05
1.949290000000000000e+05
1.949300000000000000e+05
1.949310000000000000e+05
1.949320000000000000e+05
1.949330000000000000e+05
1.949340000000000000e+05
1.949350000000000000e+05
1.949360000000000000e+05
1.949370000000000000e+05
1.949380000000000000e+05
1.949390000000000000e+05
1.949400000000000000e+05
1.949410000000000000e+05
1.949420000000000000e+05
1.949430000000000000e+05
1.949440000000000000e+05
1.949450000000000000e+05
1.949460000000000000e+05
1.949470000000000000e+05
1.949480000000000000e+05
1.949490000000000000e+05
1.949500000000000000e+05
1.949510000000000000e+05
1.957220000000000000e+05
1.944080000000000000e+05
1.966980000000000000e+05
1.952600000000000000e+05
1.956310000000000000e+05
1.983050000000000000e+05
1.969140000000000000e+05
1.952610000000000000e+05
1.952580000000000000e+05
1.960290000000000000e+05
1.957190000000000000e+05
1.968710000000000000e+05
1.957960000000000000e+05
1.961900000000000000e+05
1.974110000000000000e+05
1.957930000000000000e+05
1.971370000000000000e+05
1.937390000000000000e+05
1.971330000000000000e+05
1.976540000000000000e+05
1.947640000000000000e+05
1.966950000000000000e+05
1.947650000000000000e+05
1.942250000000000000e+05
1.968240000000000000e+05
1.969290000000000000e+05
1.956420000000000000e+05
1.969080000000000000e+05
1.951340000000000000e+05
1.944500000000000000e+05
1.952140000000000000e+05
1.981630000000000000e+05
1.952040000000000000e+05
1.948260000000000000e+05
1.974030000000000000e+05
1.963140000000000000e+05
1.984710000000000000e+05
1.973940000000000000e+05
1.961910000000000000e+05
1.974100000000000000e+05
1.971960000000000000e+05
1.970720000000000000e+05
1.935700000000000000e+05
1.951820000000000000e+05
1.950030000000000000e+05
1.975340000000000000e+05
1.946700000000000000e+05
1.945830000000000000e+05
1.972150000000000000e+05
1.952700000000000000e+05
1.974500000000000000e+05
1.941440000000000000e+05
1.977140000000000000e+05
1.968840000000000000e+05
1.952060000000000000e+05
1.984630000000000000e+05
1.963120000000000000e+05
1.973900000000000000e+05
1.970710000000000000e+05
1.938390000000000000e+05
1.975350000000000000e+05
1.946710000000000000e+05
1.945890000000000000e+05
1.942860000000000000e+05
1.944070000000000000e+05
1.976500000000000000e+05
1.970730000000000000e+05
1.942210000000000000e+05
1.956320000000000000e+05
1.963850000000000000e+05
1.969230000000000000e+05
1.951960000000000000e+05
1.981450000000000000e+05
1.984660000000000000e+05
1.948110000000000000e+05
1.973910000000000000e+05
1.957210000000000000e+05
1.968700000000000000e+05
1.944090000000000000e+05
1.976460000000000000e+05
1.944520000000000000e+05
1.946160000000000000e+05
1.981530000000000000e+05
1.952110000000000000e+05
1.984750000000000000e+05
1.947940000000000000e+05
1.974010000000000000e+05
1.963860000000000000e+05
1.968660000000000000e+05
1.976450000000000000e+05
1.942160000000000000e+05
1.970740000000000000e+05
1.972030000000000000e+05
1.952490000000000000e+05
1.974140000000000000e+05
1.969090000000000000e+05
1.969150000000000000e+05
1.971890000000000000e+05
1.971990000000000000e+05
1.951320000000000000e+05
1.944510000000000000e+05
1.942830000000000000e+05
1.957250000000000000e+05
1.968670000000000000e+05
1.952000000000000000e+05
1.981520000000000000e+05
1.946100000000000000e+05
1.963180000000000000e+05
1.948160000000000000e+05
1.947980000000000000e+05
1.984690000000000000e+05
1.973960000000000000e+05
1.976980000000000000e+05
1.971930000000000000e+05
1.942920000000000000e+05
1.976510000000000000e+05
1.942170000000000000e+05
1.956340000000000000e+05
1.971880000000000000e+05
1.974090000000000000e+05
1.957880000000000000e+05
1.950050000000000000e+05
1.975300000000000000e+05
1.937480000000000000e+05
1.934220000000000000e+05
1.934200000000000000e+05
1.946690000000000000e+05
1.945840000000000000e+05
1.934100000000000000e+05
1.935760000000000000e+05
1.974360000000000000e+05
1.936810000000000000e+05
1.944540000000000000e+05
1.951310000000000000e+05
1.942870000000000000e+05
1.957260000000000000e+05
1.976520000000000000e+05
1.947660000000000000e+05
1.956400000000000000e+05
1.983670000000000000e+05
1.969110000000000000e+05
1.969220000000000000e+05
1.968220000000000000e+05
1.968160000000000000e+05
1.983010000000000000e+05
1.982970000000000000e+05
1.952510000000000000e+05
1.972040000000000000e+05
1.976990000000000000e+05
1.972020000000000000e+05
1.974120000000000000e+05
1.957900000000000000e+05
1.956040000000000000e+05
1.975320000000000000e+05
1.934210000000000000e+05
1.946680000000000000e+05
1.945880000000000000e+05
1.935770000000000000e+05
1.974380000000000000e+05
1.936820000000000000e+05
1.977330000000000000e+05
1.938490000000000000e+05
1.981490000000000000e+05
1.946040000000000000e+05
1.958910000000000000e+05
1.942820000000000000e+05
1.970780000000000000e+05
1.976960000000000000e+05
1.970530000000000000e+05
1.971910000000000000e+05
1.934870000000000000e+05
1.978020000000000000e+05
1.971300000000000000e+05
1.971310000000000000e+05
1.976470000000000000e+05
1.947670000000000000e+05
1.948830000000000000e+05
1.952500000000000000e+05
1.970490000000000000e+05
1.961100000000000000e+05
1.968200000000000000e+05
1.968170000000000000e+05
1.956370000000000000e+05
1.983020000000000000e+05
1.969160000000000000e+05
1.944530000000000000e+05
1.951330000000000000e+05
1.981610000000000000e+05
1.952120000000000000e+05
1.981600000000000000e+05
1.946170000000000000e+05
1.952050000000000000e+05
1.963270000000000000e+05
1.963190000000000000e+05
1.947990000000000000e+05
1.973970000000000000e+05
1.984720000000000000e+05
1.948150000000000000e+05
1.961880000000000000e+05
1.974130000000000000e+05
1.971920000000000000e+05
1.947820000000000000e+05
1.942900000000000000e+05
1.957230000000000000e+05
1.976560000000000000e+05
1.945850000000000000e+05
1.982110000000000000e+05
1.938510000000000000e+05
1.972130000000000000e+05
1.934810000000000000e+05
1.977130000000000000e+05
1.968850000000000000e+05
1.946770000000000000e+05
1.947680000000000000e+05
1.968210000000000000e+05
1.968180000000000000e+05
1.983030000000000000e+05
1.984760000000000000e+05
1.948240000000000000e+05
1.963170000000000000e+05
1.973990000000000000e+05
1.974150000000000000e+05
1.957890000000000000e+05
1.971970000000000000e+05
1.942230000000000000e+05
1.942180000000000000e+05
1.956360000000000000e+05
1.983680000000000000e+05
1.969250000000000000e+05
1.963870000000000000e+05
1.969170000000000000e+05
1.958920000000000000e+05
1.952540000000000000e+05
1.948840000000000000e+05
1.952530000000000000e+05
1.960270000000000000e+05
1.971980000000000000e+05
1.956060000000000000e+05
1.942190000000000000e+05
1.956390000000000000e+05
1.969260000000000000e+05
1.963880000000000000e+05
1.969180000000000000e+05
1.958880000000000000e+05
1.970500000000000000e+05
1.942940000000000000e+05
1.960260000000000000e+05
1.957240000000000000e+05
1.970770000000000000e+05
1.971940000000000000e+05
1.956050000000000000e+05
1.974160000000000000e+05
1.976550000000000000e+05
1.947690000000000000e+05
1.981460000000000000e+05
1.951970000000000000e+05
1.946050000000000000e+05
1.952070000000000000e+05
1.981570000000000000e+05
1.946140000000000000e+05
1.948130000000000000e+05
1.973920000000000000e+05
1.948180000000000000e+05
1.974000000000000000e+05
1.956430000000000000e+05
1.948820000000000000e+05
1.982150000000000000e+05
1.982170000000000000e+05
1.974170000000000000e+05
1.972290000000000000e+05
1.934120000000000000e+05
1.972180000000000000e+05
1.974410000000000000e+05
1.977520000000000000e+05
1.934820000000000000e+05
1.938560000000000000e+05
1.970800000000000000e+05
1.938370000000000000e+05
1.982160000000000000e+05
1.963840000000000000e+05
1.968190000000000000e+05
1.942960000000000000e+05
1.970540000000000000e+05
1.948850000000000000e+05
1.957150000000000000e+05
1.981480000000000000e+05
1.984640000000000000e+05
1.976950000000000000e+05
1.970790000000000000e+05
1.968140000000000000e+05
1.934880000000000000e+05
1.978030000000000000e+05
1.958900000000000000e+05
1.938640000000000000e+05
1.969500000000000000e+05
1.934790000000000000e+05
1.938660000000000000e+05
1.977290000000000000e+05
1.938650000000000000e+05
1.938670000000000000e+05
1.956440000000000000e+05
1.942240000000000000e+05
1.983150000000000000e+05
1.958890000000000000e+05
1.946080000000000000e+05
1.951980000000000000e+05
1.981510000000000000e+05
1.973950000000000000e+05
1.952020000000000000e+05
1.946120000000000000e+05
1.973980000000000000e+05
1.948140000000000000e+05
1.947970000000000000e+05
1.969970000000000000e+05
1.979060000000000000e+05
1.960620000000000000e+05
1.938700000000000000e+05
1.938780000000000000e+05
1.938820000000000000e+05
1.972280000000000000e+05
1.977740000000000000e+05
1.982200000000000000e+05
1.934130000000000000e+05
1.938170000000000000e+05
1.972230000000000000e+05
1.951830000000000000e+05
1.982120000000000000e+05
1.962490000000000000e+05
1.962840000000000000e+05
1.949270000000000000e+05
1.938520000000000000e+05
1.938690000000000000e+05
1.938720000000000000e+05
1.952690000000000000e+05
1.972120000000000000e+05
1.974400000000000000e+05
1.977510000000000000e+05
1.934800000000000000e+05
1.937010000000000000e+05
1.962960000000000000e+05
1.938570000000000000e+05
1.974490000000000000e+05
1.941450000000000000e+05
1.977110000000000000e+05
1.968830000000000000e+05
1.946760000000000000e+05
1.962480000000000000e+05
1.971430000000000000e+05
1.979080000000000000e+05
1.938830000000000000e+05
1.969980000000000000e+05
1.977480000000000000e+05
1.974420000000000000e+05
1.938550000000000000e+05
1.970760000000000000e+05
1.970830000000000000e+05
1.938810000000000000e+05
1.979090000000000000e+05
1.934110000000000000e+05
1.972300000000000000e+05
1.938500000000000000e+05
1.982140000000000000e+05
1.938680000000000000e+05
1.949280000000000000e+05
1.946060000000000000e+05
1.981470000000000000e+05
1.952010000000000000e+05
1.963130000000000000e+05
1.984650000000000000e+05
1.973930000000000000e+05
1.948120000000000000e+05
1.942950000000000000e+05
1.956410000000000000e+05
1.934020000000000000e+05
1.934890000000000000e+05
1.978040000000000000e+05
1.937240000000000000e+05
1.970430000000000000e+05
1.942910000000000000e+05
1.944490000000000000e+05
1.942100000000000000e+05
1.957140000000000000e+05
1.948870000000000000e+05
1.951360000000000000e+05
1.948800000000000000e+05
1.984670000000000000e+05
1.946070000000000000e+05
1.963150000000000000e+05
1.947950000000000000e+05
1.981540000000000000e+05
1.948170000000000000e+05
1.952080000000000000e+05
1.971380000000000000e+05
1.971900000000000000e+05
1.945650000000000000e+05
1.974040000000000000e+05
1.966930000000000000e+05
1.976570000000000000e+05
1.984780000000000000e+05
1.937450000000000000e+05
1.934170000000000000e+05
1.975330000000000000e+05
1.945860000000000000e+05
1.941430000000000000e+05
1.976920000000000000e+05
1.976930000000000000e+05
1.976940000000000000e+05
1.934900000000000000e+05
1.978050000000000000e+05
1.942810000000000000e+05
1.972240000000000000e+05
1.945870000000000000e+05
1.977530000000000000e+05
1.972160000000000000e+05
1.968860000000000000e+05
1.941420000000000000e+05
1.977120000000000000e+05
1.981550000000000000e+05
1.946110000000000000e+05
1.940510000000000000e+05
1.940800000000000000e+05
1.969620000000000000e+05
1.969660000000000000e+05
1.969690000000000000e+05
1.969700000000000000e+05
1.969710000000000000e+05
1.969720000000000000e+05
1.969730000000000000e+05
1.980070000000000000e+05
1.980080000000000000e+05
1.980090000000000000e+05
1.980100000000000000e+05
1.980110000000000000e+05
1.980120000000000000e+05
1.980130000000000000e+05
1.980140000000000000e+05
1.980150000000000000e+05
1.980160000000000000e+05
1.980170000000000000e+05
1.980180000000000000e+05
1.980190000000000000e+05
1.980200000000000000e+05
1.980210000000000000e+05
1.980220000000000000e+05
1.980230000000000000e+05
1.980240000000000000e+05
1.980250000000000000e+05
1.980260000000000000e+05
1.980270000000000000e+05
1.980280000000000000e+05
1.980290000000000000e+05
1.980300000000000000e+05
1.980310000000000000e+05
1.980320000000000000e+05
1.980330000000000000e+05
1.980340000000000000e+05
1.980350000000000000e+05
1.980360000000000000e+05
1.980370000000000000e+05
1.980380000000000000e+05
1.980390000000000000e+05
1.980400000000000000e+05
1.980410000000000000e+05
1.980420000000000000e+05
1.980430000000000000e+05
1.980440000000000000e+05
1.980460000000000000e+05
1.980470000000000000e+05
1.980480000000000000e+05
1.980500000000000000e+05
1.980560000000000000e+05
1.938470000000000000e+05
1.962510000000000000e+05
1.968750000000000000e+05
1.962930000000000000e+05
1.939000000000000000e+05
1.938980000000000000e+05
1.938990000000000000e+05
1.974920000000000000e+05
1.977750000000000000e+05
1.969960000000000000e+05
1.979070000000000000e+05
1.960630000000000000e+05
1.944680000000000000e+05
1.945720000000000000e+05
1.972170000000000000e+05
1.982130000000000000e+05
1.977500000000000000e+05
1.974390000000000000e+05
1.962500000000000000e+05
1.966990000000000000e+05
1.969540000000000000e+05
1.949260000000000000e+05
1.957200000000000000e+05
1.984730000000000000e+05
1.946090000000000000e+05
1.981500000000000000e+05
1.935720000000000000e+05
1.945900000000000000e+05
1.970810000000000000e+05
1.934580000000000000e+05
1.977150000000000000e+05
1.937320000000000000e+05
1.968870000000000000e+05
1.937190000000000000e+05
1.946780000000000000e+05
1.952030000000000000e+05
1.981560000000000000e+05
1.946130000000000000e+05
1.942120000000000000e+05
1.949870000000000000e+05
1.957270000000000000e+05
1.942880000000000000e+05
1.976970000000000000e+05
1.984700000000000000e+05
1.976480000000000000e+05
1.964220000000000000e+05
1.964230000000000000e+05
1.948810000000000000e+05
1.974020000000000000e+05
1.951370000000000000e+05
1.969120000000000000e+05
1.969190000000000000e+05
1.969200000000000000e+05
1.969270000000000000e+05
1.977990000000000000e+05
1.978000000000000000e+05
1.978010000000000000e+05
1.983640000000000000e+05
1.983650000000000000e+05
1.983660000000000000e+05
1.948000000000000000e+05
1.948010000000000000e+05
1.948020000000000000e+05
1.955990000000000000e+05
1.956000000000000000e+05
1.956010000000000000e+05
1.956020000000000000e+05
1.956030000000000000e+05
1.968120000000000000e+05
1.968130000000000000e+05
1.942840000000000000e+05
1.942930000000000000e+05
1.963200000000000000e+05
1.963210000000000000e+05
1.963220000000000000e+05
1.963230000000000000e+05
1.963240000000000000e+05
1.963250000000000000e+05
1.963280000000000000e+05
1.946150000000000000e+05
1.982940000000000000e+05
1.982950000000000000e+05
1.982960000000000000e+05
1.982980000000000000e+05
1.982990000000000000e+05
1.983060000000000000e+05
1.945820000000000000e+05
1.948190000000000000e+05
1.948200000000000000e+05
1.948210000000000000e+05
1.948220000000000000e+05
1.948230000000000000e+05
1.956300000000000000e+05
1.956380000000000000e+05
1.944040000000000000e+05
1.944050000000000000e+05
1.976490000000000000e+05
1.976530000000000000e+05
1.961840000000000000e+05
1.961850000000000000e+05
1.961860000000000000e+05
1.961870000000000000e+05
1.961940000000000000e+05
1.958930000000000000e+05
1.952520000000000000e+05
1.977000000000000000e+05
1.970440000000000000e+05
1.970450000000000000e+05
1.970460000000000000e+05
1.970470000000000000e+05
1.970480000000000000e+05
1.942130000000000000e+05
1.942140000000000000e+05
1.942150000000000000e+05
1.971320000000000000e+05
1.971350000000000000e+05
1.984740000000000000e+05
1.952090000000000000e+05
1.952100000000000000e+05
1.952130000000000000e+05
1.974050000000000000e+05
1.974080000000000000e+05
1.974180000000000000e+05
1.981580000000000000e+05
1.981590000000000000e+05
1.981620000000000000e+05
1.963830000000000000e+05
1.970700000000000000e+05
1.970750000000000000e+05
1.970820000000000000e+05
1.977490000000000000e+05
1.962830000000000000e+05
1.969950000000000000e+05
1.965320000000000000e+05
1.965330000000000000e+05
1.965340000000000000e+05
1.965350000000000000e+05
1.965360000000000000e+05
1.965370000000000000e+05
1.965380000000000000e+05
1.965390000000000000e+05
1.965400000000000000e+05
1.965410000000000000e+05
1.965420000000000000e+05
1.965430000000000000e+05
1.965440000000000000e+05
1.965450000000000000e+05
1.965460000000000000e+05
1.965470000000000000e+05
1.965480000000000000e+05
1.965490000000000000e+05
1.965500000000000000e+05
1.965510000000000000e+05
1.965520000000000000e+05
1.965530000000000000e+05
1.965540000000000000e+05
1.965550000000000000e+05
1.965560000000000000e+05
1.965570000000000000e+05
1.965580000000000000e+05
1.965590000000000000e+05
1.965600000000000000e+05
1.965610000000000000e+05
1.965620000000000000e+05
1.965630000000000000e+05
1.965640000000000000e+05
1.965650000000000000e+05
1.965660000000000000e+05
1.965670000000000000e+05
1.965680000000000000e+05
1.965690000000000000e+05
1.965700000000000000e+05
1.965710000000000000e+05
1.965720000000000000e+05
1.965730000000000000e+05
1.965740000000000000e+05
1.965750000000000000e+05
1.965760000000000000e+05
1.965770000000000000e+05
1.965780000000000000e+05
